74.26681316147 31.51724990485 0.35706374049187
74.26681316147 31.51695766729 0.030814561992884
74.26681316147 31.51666542974 0.029348662123084
74.26681316147 31.51637319218 0.0062696961686015
74.26681316147 31.51608095462 0.003097313689068
74.26166332016 31.52075675553 0.55521410703659
74.26166332016 31.52046451797 0.29497745633125
74.27711284409 31.51666542974 0.00052897207206115
74.27711284409 31.51637319218 0.0074177188798785
74.27711284409 31.51608095462 0.83883494138718
74.27196300278 31.52104899308 0.61095106601715
74.27196300278 31.52075675553 0.41925853490829
74.27196300278 31.52046451797 0.94353997707367
74.27196300278 31.52017228041 0.99049824476242
74.27196300278 31.51988004286 0.91656589508057
74.27196300278 31.5195878053 0.98323971033096
74.27196300278 31.51929556774 0.9982505440712
74.27196300278 31.51900333019 0.98977965116501
74.27196300278 31.51871109263 0.77628153562546
74.27196300278 31.51841885507 0.0428132340312
74.27196300278 31.51812661752 0.00013927409600001
74.27196300278 31.51783437996 0.58212924003601
74.27196300278 31.51754214241 0.97439020872116
74.27196300278 31.51724990485 0.1554102897644
74.27196300278 31.51695766729 0.023047713562846
74.27196300278 31.51666542974 0.1967855244875
74.27196300278 31.51637319218 0.0055670477449894
74.27196300278 31.51608095462 0.00024138878507074
74.26681316147 31.52309465598 0.037996914237738
74.26681316147 31.52280241842 0.22686260938644
74.26681316147 31.52251018087 0.97330397367477
74.2822626854 31.51608095462 0.93871891498566
74.27711284409 31.52338689353 0.98714846372604
74.27711284409 31.52309465598 0.9809530377388
74.27711284409 31.52280241842 0.99830234050751
74.27711284409 31.52251018087 0.99343746900558
74.27711284409 31.52221794331 0.94174873828888
74.27711284409 31.52192570575 0.96538025140762
74.27711284409 31.5216334682 0.99329441785812
74.27711284409 31.52134123064 0.99902975559235
74.27711284409 31.52104899308 0.98351269960403
74.27711284409 31.52075675553 0.99836248159409
74.27711284409 31.52046451797 0.99981290102005
74.27711284409 31.52017228041 0.98867547512054
74.27711284409 31.51988004286 0.99757081270218
74.27711284409 31.5195878053 0.99035382270813
74.27711284409 31.51929556774 0.99964034557343
74.27711284409 31.51900333019 0.99592977762222
74.27711284409 31.51871109263 0.98589336872101
74.27711284409 31.51841885507 0.98609888553619
74.27711284409 31.51812661752 0.8666780591011
74.27711284409 31.51783437996 0.80707728862762
74.27711284409 31.51754214241 0.039914906024933
74.27711284409 31.51724990485 0.0042379070073366
74.27711284409 31.51695766729 0.002483957214281
74.2822626854 31.52280241842 0.60467725992203
74.2822626854 31.52251018087 0.36584067344666
74.2822626854 31.52221794331 0.92435038089752
74.2822626854 31.52192570575 0.99922430515289
74.2822626854 31.5216334682 0.9698714017868
74.2822626854 31.52134123064 0.50501376390457
74.2822626854 31.52104899308 0.013013678602874
74.2822626854 31.52075675553 0.56528151035309
74.2822626854 31.52046451797 0.0089733153581619
74.2822626854 31.52017228041 0.49369204044342
74.2822626854 31.51988004286 0.40199473500252
74.2822626854 31.5195878053 0.052002467215061
74.2822626854 31.51929556774 0.69277548789978
74.2822626854 31.51900333019 0.50858557224274
74.2822626854 31.51871109263 0.030851295217872
74.2822626854 31.51841885507 0.53229159116745
74.2822626854 31.51812661752 0.99723070859909
74.2822626854 31.51783437996 0.89962273836136
74.2822626854 31.51754214241 0.98766034841537
74.2822626854 31.51724990485 0.12241681665182
74.2822626854 31.51695766729 2.6912017347058e-05
74.2822626854 31.51666542974 0.01265436783433
74.2822626854 31.51637319218 0.028792357072234
74.28741252671 31.52280241842 0.99851185083389
74.28741252671 31.52251018087 0.94514268636703
74.28741252671 31.52221794331 0.91257631778717
74.28741252671 31.52192570575 0.009322464466095
74.28741252671 31.5216334682 0.00016854867863003
74.28741252671 31.52134123064 0.51871007680893
74.28741252671 31.52104899308 0.78440964221954
74.28741252671 31.52075675553 0.06566721200943
74.28741252671 31.52046451797 0.088510625064373
74.28741252671 31.52017228041 0.07055951654911
74.28741252671 31.51988004286 0.98566114902496
74.28741252671 31.5195878053 0.83607792854309